1576159495.017219 -0.260100 -0.585600 0.516100 0.965353 0.017270 -0.005349 0.001984
1576159495.018858 -0.307900 -0.555600 0.517100 0.966786 0.015957 -0.005678 0.002146
1576159495.020437 -0.346900 -0.527100 0.517700 0.968043 0.014828 -0.005894 0.002250
1576159495.021946 -0.379700 -0.498600 0.518800 0.969337 0.013731 -0.005965 0.002307
1576159495.023898 -0.415900 -0.462700 0.520000 0.970987 0.012391 -0.005960 0.002316
1576159495.026734 -0.453100 -0.412100 0.523900 0.973450 0.010562 -0.005708 0.002213
1576159495.027519 -0.479300 -0.378500 0.523400 0.974609 0.009682 -0.005638 0.002208
1576159495.028243 -0.507600 -0.328800 0.526500 0.976909 0.008159 -0.005230 0.002048
1576159495.028957 -0.527800 -0.290700 0.526900 0.978439 0.007192 -0.004937 0.001947
1576159495.029671 -0.543800 -0.253900 0.528100 0.979905 0.006321 -0.004628 0.001825
1576159495.030395 -0.564000 -0.201800 0.529400 0.981856 0.005245 -0.004165 0.001668
1576159495.031099 -0.581400 -0.153100 0.527400 0.983335 0.004450 -0.003838 0.001547
1576159495.031803 -0.587100 -0.114400 0.530500 0.984897 0.003744 -0.003402 0.001378
1576159495.032507 -0.593100 -0.077200 0.530500 0.986095 0.003214 -0.003090 0.001256
1576159495.033252 -0.596200 -0.043700 0.530900 0.987154 0.002778 -0.002811 0.001142
1576159495.033976 -0.597800 -0.007200 0.531600 0.988291 0.002344 -0.002506 0.001020
1576159495.034680 -0.597500 0.026600 0.532200 0.989317 0.001982 -0.002232 0.000909
1576159495.035384 -0.593600 0.061600 0.534600 0.990425 0.001628 -0.001936 0.000783
1576159495.036078 -0.588400 0.099400 0.535600 0.991627 0.001285 -0.001615 0.000656
1576159495.036782 -0.581600 0.135600 0.537000 0.992595 0.001030 -0.001369 0.000556
1576159495.037476 -0.571000 0.178500 0.538400 0.993716 0.000768 -0.001094 0.000444
1576159495.038200 -0.563000 0.206400 0.539100 0.994367 0.000630 -0.000941 0.000383
1576159495.038894 -0.548900 0.246800 0.540800 0.995250 0.000463 -0.000742 0.000302
1576159495.039598 -0.537800 0.275000 0.541700 0.995797 0.000371 -0.000626 0.000255
1576159495.040293 -0.517600 0.317300 0.542600 0.996600 0.000253 -0.000463 0.000189
